0,582.83923,1024.96363
1,208.11649,1079.504
2,1374.6819,706.72388
3,820.58058,998.38259
4,1466.83805,707.94453
5,943.04471,914.35445
6,817.12863,969.4897
7,266.54666,1101.88295
8,467.96481,1112.59444
9,1076.16352,798.74556
10,1097.25619,835.74647
11,1346.88589,710.03503
12,1082.57142,820.10168
13,1473.07985,705.26058
14,383.93586,1126.05498
15,1255.68487,755.6501
16,374.20199,1104.34644
17,1493.75062,698.34926
18,1067.46543,846.95961
19,370.85478,1136.60432
20,1524.60972,696.72877
21,1530.99084,699.21327
22,392.19189,1045.6934
23,1068.88032,817.62504
24,843.87965,985.1816
25,1031.92092,841.53342
26,1201.63748,806.42532
27,1351.78919,708.11859
28,1519.34664,695.99027
29,1328.901,745.83359
30,1215.96929,742.33352
31,1251.13766,762.82322
32,1284.48777,726.26226
33,461.27362,1131.54558
34,1390.32865,713.04771
35,1186.96754,743.50643
36,1334.61269,716.11436
37,1044.39972,835.83818
38,1400.54091,704.02414
39,597.96585,1048.32426
40,1172.35192,746.1334
41,1305.02961,735.95595
42,1085.9975,830.09473
43,847.04348,947.71064
44,1300.15922,730.2527
45,614.41137,1110.62071
46,1518.04873,699.28101
47,605.28035,1086.56108
48,686.0651,1079.21856
49,1105.93267,842.09275
50,1329.48188,714.3937
51,1346.30797,730.10216
52,806.04094,958.84099
53,482.59308,1134.80045
54,384.62271,1078.59289
55,798.96321,1018.89389
56,1132.09461,774.04965
57,1520.28983,698.45952
58,1010.38429,837.19616
59,818.03688,1008.20151
60,1301.82932,726.57155
61,812.26402,1011.93949
62,737.09078,1016.27257
63,1182.06362,743.22058
64,226.50921,1082.83404
65,401.13075,1130.22797
66,582.85063,1110.31995
67,647.75265,1070.67054
68,837.9414,994.35708
69,1020.01969,830.67781
70,357.67765,1133.31545
71,202.22315,1036.18532
72,1303.22619,731.70099
73,1444.26434,711.62247
74,1009.32718,854.23001
75,475.50148,1126.59864
76,653.88559,1078.14167
77,1141.02377,766.27265
78,1353.23841,709.1699
79,1400.44401,708.22986
80,766.58372,1042.80179
81,1218.8372,755.52961
82,1166.83578,796.21335
83,1522.70919,699.61936
84,633.93242,1105.55616
85,1042.37008,830.63578
86,1295.7292,731.11621
87,624.54201,1035.80744
88,1361.90166,713.27805
89,1058.47892,835.55831
90,1395.53659,703.54254
91,1222.40064,738.43217
92,1387.47255,726.42854
93,1167.26656,822.94586
94,771.57032,1032.71391
95,997.85108,849.99552
96,1082.78471,797.16479
97,1487.28204,702.36074
98,1236.00391,741.69062
99,839.18472,991.68203
100,1054.42164,811.49306
101,695.13617,1081.61782
102,1070.84093,815.86434
103,1302.34414,730.21691
104,1409.64878,705.43441
105,1065.01569,808.61318
106,888.3581,944.30108
107,771.31616,1020.74349
108,1527.84932,696.56235
109,502.96599,1129.22771
110,1141.00194,763.27348
111,1370.73829,730.81716
112,732.74319,1059.37916
113,862.31028,973.18806
114,1054.12135,818.6871
115,364.96929,1100.67556
116,708.72655,1063.23217
117,237.74983,1091.42195
118,475.98627,1135.92592
119,1337.37856,724.82624
120,1147.60652,759.05579
121,1454.04542,706.98747
122,1246.81657,761.44825
123,1531.21997,696.07859
124,892.48663,937.52334
125,601.61978,1113.61834
126,1087.3341,822.65868
127,1239.83735,771.66614
128,537.74159,1090.57818
129,1077.51987,826.45903
130,744.92885,990.02027
131,1501.55592,697.25052
132,869.02078,956.73522
133,200.55197,1073.70473
134,1312.62431,759.26975
135,623.55466,1082.19124
136,1135.15941,767.43732
137,845.90843,988.83078
138,1415.68856,708.34697
139,1445.22124,714.5803
140,742.58411,1020.08256
141,976.66921,861.6253
142,880.54582,954.72907
143,701.23098,1076.6832
144,721.66879,1068.06035
145,578.8275,1084.59958
146,1496.93644,697.16328
147,438.62715,1058.22217
148,1024.24608,827.9978
149,1489.56382,698.2739
150,469.73005,1137.463
151,133.87837,1023.85686
152,164.64209,1049.68978
153,1482.54885,698.60114
154,1362.0929,708.8322
155,794.89165,981.7444
156,1531.90658,698.45966
157,188.32425,1067.35076
158,809.77634,978.85025
159,1212.08008,792.57614
160,888.03218,934.78101
161,362.22685,1126.04374
162,1390.80327,706.34397
163,1431.33385,716.86458
164,1061.83182,829.93036
165,405.18748,1128.15127
166,218.0001,1084.19277
167,1211.21833,800.4066
168,1531.42313,696.88929
169,977.3422,866.28562
170,368.09466,1061.26853
171,1216.22755,752.05017
172,1142.31564,818.68191
173,1282.15064,738.32843
174,304.82597,1109.3957
175,1189.68074,780.65949
176,959.70969,880.03062
177,1170.76059,746.81528
178,1062.4475,871.74051
179,715.35591,1072.03324
180,887.49191,946.59544
181,925.04691,920.61261
182,218.28917,1081.02238
183,353.44146,1130.11542
184,472.668,1120.27238
185,1181.04787,795.33267
186,1000.98639,842.46898
187,163.87871,1032.27753
188,205.23968,1074.35126
189,565.87871,1085.69452
190,1006.26302,876.21514
191,1055.51743,814.24333
192,810.50563,1002.45759
193,1514.15501,698.44819
194,1398.8572,704.8411
195,335.55332,1045.79126
196,926.79026,920.44703
197,964.54281,881.84638
198,738.18054,1025.31559
199,399.7317,1117.74407
200,669.67291,1086.41643
201,1118.05345,836.28377
202,1009.8608,837.15622
203,846.83637,986.78607
204,653.49866,1098.76789
205,1471.40888,705.43312
206,813.59458,956.44833
207,1270.91027,773.63136
208,1327.72555,720.82424
209,1345.8316,711.12018
210,1188.38988,809.54012
211,746.56969,1054.1242
212,808.15584,976.90027
213,621.07285,1074.12689
214,627.89782,1106.95882
215,983.41128,857.19356
216,1119.62587,841.76868
217,1382.53351,706.21839
218,1299.35782,733.47321
219,1167.14705,801.21567
220,1055.11983,827.12759
221,1069.90537,835.36531
222,965.52836,875.0369
223,994.95462,847.84034
224,935.53824,899.81112
225,798.09965,966.29429
226,1323.91408,716.73652
227,1275.73024,733.79301
228,514.14792,1130.50611
229,202.10252,1040.43459
230,1249.19321,786.22615
231,1394.18118,705.27905
232,1297.90643,731.40601
233,752.7614,1050.2455
234,301.08874,1072.24168
235,194.24406,1065.35811
236,940.2994,914.92694
237,1425.13507,721.13342
238,722.45918,986.09582
239,1349.9015,722.81671
240,782.09256,969.22441
241,676.67998,1074.79263
242,1331.57959,723.12839
243,1005.51551,839.50558
244,815.6089,995.67869
245,267.07935,1067.00847
246,853.6456,970.35587
247,1322.52261,723.46393
248,1037.51473,822.24657
249,1150.16521,802.32095
250,1338.8273,718.22807
251,1479.75152,701.54787
252,1188.04312,790.2734
253,1254.78619,761.50401
254,474.20185,1128.68019
255,1137.20491,797.42759
256,897.44607,937.92788
257,1196.50862,741.98649
258,600.30896,1115.07876
259,931.33223,911.66842
260,763.69398,973.04256
261,398.35095,1130.86641
262,1110.48654,834.5863
263,1183.51042,780.8083
264,476.34943,1100.0762
265,887.10906,947.29748
266,1055.18545,870.39504
267,834.99824,984.87625
268,239.33625,1045.11982
269,682.74285,1084.52866
270,893.72705,945.78768
271,1334.8459,747.10249
272,1147.1061,769.57571
273,763.00317,1031.25704
274,1171.41303,791.60938
275,1411.90313,709.94834
276,628.19607,1032.56347
277,865.18991,964.4228
278,1455.5044,709.90427
279,960.05551,895.44506
280,463.71384,1132.62744
281,568.44724,1121.42883
282,1529.84373,697.57355
283,840.63512,991.9618
284,726.37904,1060.03003
285,1329.9479,750.33245
286,421.12599,1063.88231
287,374.9405,1057.37476
288,1136.08533,801.16336
289,744.12397,1040.14022
290,748.00518,1036.6759
291,1048.1035,858.46058
292,1020.9908,884.40487
293,978.45996,862.12664
294,667.84891,1002.01321
295,938.80027,899.20239
296,1368.73016,717.28606
297,607.19382,1040.94298
298,1232.33803,748.79318
299,264.68434,1067.15627
300,376.10101,1129.70096
301,556.43941,1117.95119
302,415.8772,1137.46406
303,785.72614,997.09277
304,999.72089,843.4314
305,1101.45083,815.54256
306,310.7514,1059.89466
307,831.25768,987.43671
308,912.27117,921.0208
309,946.92882,887.81899
310,781.71289,1007.51007
311,843.79919,979.94497
312,1029.19664,838.56784
313,981.02258,898.88954
314,949.8745,895.01454
315,905.09757,929.59542
316,807.33354,1011.0967
317,1379.78549,708.73553
318,1054.15099,821.00892
319,732.02911,1047.98763
320,1173.83178,785.46118
321,125.32487,1013.03091
322,1248.90663,766.15246
323,997.3116,845.5862
324,279.02121,1045.5734
325,438.71577,1061.09957
326,1472.91352,700.78533
327,1137.83521,818.65368
328,1400.95052,706.04085
329,179.04008,1031.12131
330,1322.90845,739.50592
331,965.98843,907.50841
332,645.3549,1024.81916
333,343.42536,1081.31489
334,1507.78808,695.97293
335,648.76569,1012.20617
336,959.40931,903.06448
337,665.8266,1087.46211
338,251.00144,1061.35947
339,868.17776,941.74919
340,609.71999,1039.75846
341,336.58321,1080.70716
342,1009.31657,885.18263
343,730.30107,1049.4216
344,512.99741,1125.75341
345,559.82061,1096.66759
346,1316.49439,729.00923
347,277.20586,1103.05225
348,1301.63805,744.15037
349,1014.28006,865.56389
350,706.26196,1034.11791
351,1434.67374,709.07226
352,208.13549,1074.24202
353,570.00356,1094.78418
354,1068.34978,811.51726
355,339.8666,1072.13895
356,990.0505,885.07072
357,754.00301,1028.96221
358,1402.93241,703.64047
359,215.33348,1082.96481
360,1529.7106,699.15427
361,1144.37915,766.92966
362,1134.79235,783.62564
363,1153.2026,771.87261
364,1485.85273,700.49868
365,620.37724,1037.19027
366,938.95937,903.86754
367,608.37989,1112.95698
368,707.91235,1069.76131
369,617.36058,1108.99074
370,100.72885,987.04185
371,135.82119,1025.23117
372,650.88182,1095.50173
373,1181.65785,742.16834
374,511.89107,1128.82911
375,1139.92154,772.00845
376,655.36992,1085.47038
377,912.74686,923.0325
378,648.02912,1007.12659
379,1255.59141,780.61001
380,869.25588,940.54613
381,1017.05407,883.96858
382,729.2929,1065.90664
383,712.23494,1058.65901
384,740.12351,1042.59801
385,586.61089,1089.38035
386,776.49678,1017.00398
387,1122.19278,843.1509
388,975.22381,897.13656
389,1138.56435,772.85351
390,859.7936,946.96578
391,1094.20149,807.13013
392,266.08138,1068.83497
393,610.94386,1043.34588
394,1061.182,813.37682
395,1335.02254,731.54865
396,941.60026,893.1166
397,844.29714,987.92704
398,495.01072,1053.75556
399,602.85323,1053.29738
400,123.93996,1014.48494
401,774.85948,1026.01351
402,639.86046,1039.74097
403,341.24506,1113.6536
404,138.4468,1009.16985
405,776.7634,991.94445
406,969.25332,880.28392
407,1056.29384,851.40356
408,151.65609,1039.30745
409,653.63276,1005.22559
410,220.00532,1078.31361
411,1399.75678,723.62663
412,745.73397,1034.9723
413,892.88378,932.63882
414,1215.94635,744.36768
415,1391.80537,704.19672
416,1406.87793,716.65273
417,854.541,980.2852
418,1189.81785,742.73302
419,1176.00803,745.42939
420,114.78013,1003.85549
421,466.94852,1125.8962
422,906.3809,926.77216
423,726.577,1064.64923
424,1176.76497,801.10753
425,873.75097,956.36574
426,371.78659,1114.31459
427,545.42277,1094.15642
428,1390.81182,722.04989
429,1371.12784,727.65518
430,1125.31912,774.80112
431,1180.31324,768.47273
432,930.89888,921.12444
433,718.65838,1070.97772
434,1324.52903,730.23665
435,1226.85366,762.0145
436,761.71848,1015.29945
437,844.64977,979.0121
438,1220.32314,747.71862
439,485.08786,1135.17468
440,1007.71019,838.27006
441,742.35242,1035.47835
442,705.38313,1074.35747
443,647.82263,1100.61262
444,382.21426,1118.68384
445,557.00188,1088.53798
446,726.8947,1067.61316
447,419.62462,1125.3093
448,1281.36332,771.8411
449,1036.24413,834.45413
450,1208.65552,772.20447
451,385.95467,1109.52147
452,680.05437,996.86437
453,796.00993,976.10835
454,761.29474,1028.73349
455,730.71532,998.06445
456,463.64031,1137.34177
457,569.93819,1081.55491
458,233.10003,1083.79303
459,869.87166,957.67996
460,1142.97573,772.20586
461,313.34108,1112.46279
462,1014.81706,871.68776
463,1156.98702,800.46139
464,700.94339,1070.77524
465,527.64375,1122.00521
466,1022.07979,880.38676
467,32.76654,888.83975
468,1295.64897,766.65949
469,812.56395,987.56712
470,1256.47091,764.89365
471,467.69563,1136.68174
472,193.6684,1032.28714
473,1203.88017,778.66157
474,9.54785,840.7239
475,157.4224,1044.03313
476,290.96835,1073.65708
477,1274.03685,771.75041
478,1194.37437,741.08605
479,1147.15337,772.02502
480,965.79702,874.0739
481,1050.53882,855.9109
482,1174.36987,762.38264
483,229.44289,1042.82976
484,467.61938,1135.56944
485,1203.08588,749.00909
486,1089.12932,852.07352
487,1374.0307,711.58711
488,1153.09857,756.50095
489,908.2818,929.10847
490,1246.22573,755.65881
491,788.2497,1021.64085
492,606.9908,1106.85365
493,514.85941,1090.12209
494,672.67284,1091.44537
495,1318.74279,720.07257
496,85.04839,962.29079
497,200.96801,1075.84052
498,1238.61081,778.61661
499,1208.82929,792.70101
500,593.61047,1045.05304
501,798.67538,977.43164
502,555.67482,1093.49267
503,928.47894,907.21783
504,1238.621,755.31328
505,387.26549,1126.69101
506,1156.5891,805.05298
507,22.30222,873.26913
508,24.07842,870.11769
509,827.0263,965.94087
510,547.83043,1083.49399
511,1426.36717,704.17287
512,820.84295,1006.13198
513,1485.31392,703.11169
514,490.79303,1042.84377
515,606.01464,1100.78395
516,778.17866,1031.19536
517,22.1427,871.06713
518,1137.38898,834.80774
519,220.32071,1081.43276
520,577.98553,1108.63685
521,714.1141,1073.79228
522,455.47955,1126.97286
523,520.22286,1120.67904
524,955.48988,881.82166
525,923.94312,917.09145
526,1032.24046,863.31648
527,68.97437,944.78628
528,554.54968,1109.25086
529,757.99706,983.9511
530,543.50127,1091.35832
531,-31.06549,660.71354
532,599.26963,1031.35722
533,371.44124,1086.00569
534,558.99356,1082.71818
535,176.31325,1058.95487
536,343.88531,1129.03484
537,309.82426,1110.72586
538,992.92499,882.19448
539,492.00808,1134.4404
540,633.83644,1077.68352
541,801.82137,1001.24789
542,368.27983,1135.54064
543,494.961,1133.46837
544,699.07696,1080.28419
545,1308.74228,726.21941
546,1227.54512,748.79065
547,851.93337,980.81653
548,298.21647,1105.94842
549,1447.45885,708.63642
550,1030.79641,883.31427
551,545.793,1039.29288
552,209.57008,1041.63987
553,129.26485,1017.70258
554,209.13531,1039.43006
555,945.53367,894.42004
556,645.51133,1101.29869
557,480.40521,1050.58842
558,959.0833,883.50519
559,670.91891,1083.75881
560,1167.13754,749.84044
561,497.4914,1058.58169
562,1070.02476,868.58557
563,358.84065,1049.48141
564,188.06272,1039.87258
565,659.86537,1002.74956
566,1032.99633,831.11136
567,962.17501,879.44044
568,1252.91264,760.12323
569,919.21336,928.13501
570,613.37995,1016.2164
571,141.7243,1022.2792
572,1351.12834,711.13017
573,786.66736,973.7655
574,1266.69053,777.97695
575,1314.44966,757.50473
576,1274.00629,769.04253
577,668.18466,1082.5506
578,482.7196,1125.34637
579,1450.31491,711.88706
580,686.94728,1080.73194
581,903.96897,927.6712
582,1209.63019,748.54089
583,1347.37317,717.07764
584,506.71796,1082.07945
585,1489.86847,699.94281
586,198.89322,1075.37948
587,1241.06188,763.49273
588,594.88028,1103.14062
589,1071.42524,821.51008
590,1315.07898,731.69785
591,1070.16789,867.33841
592,951.01935,910.21514
593,631.43958,1036.94927
594,1111.24679,805.22533
595,1357.98195,734.68833
596,837.51281,982.86557
597,1493.51722,702.5946
598,1041.14972,835.9811
599,190.31761,1041.7745
600,627.15351,1097.878
601,-8.35846,793.08915
602,745.79438,1056.20282
603,496.8802,1093.04753
604,1447.73075,714.47814
605,1055.65053,856.80197
606,418.62406,1111.86715
607,925.3007,923.94063
608,1331.48581,713.21239
609,1406.03137,712.91792
610,608.23743,1044.52927
611,1079.34965,853.95704
612,1510.24477,701.90819
613,1063.29694,867.18582
614,397.56935,1089.8266
615,378.91424,1135.79869
616,1198.68338,766.23382
617,264.09965,1073.94073
618,356.16195,1134.2411
619,1098.16888,824.75902
620,1018.30661,833.56175
621,1377.69986,709.48651
622,1101.34935,841.37358
623,193.71737,1070.72123
624,466.93449,1096.29822
625,451.49923,1058.95
626,718.91453,1034.96856
627,536.99968,1118.10854
628,1223.18565,755.02273
629,840.11926,975.20201
630,447.72693,1136.97785
631,1276.3413,755.62054
632,972.03825,872.45055
633,1012.11874,891.10779
634,707.0101,1039.92479
635,613.03618,1111.89429
636,549.58265,1117.59658
637,1076.43958,832.84994
638,487.60895,1120.00853
639,957.6425,908.95869
640,-8.09543,785.17146
641,1413.19648,707.87208
642,770.50194,998.26095
643,819.95129,968.44861
644,830.02695,982.32315
645,882.06283,935.99502
646,948.90112,889.06101
647,199.47192,1072.13882
648,740.46843,1014.25376
649,-13.21925,778.05129
650,355.57629,1052.79347
651,461.01403,1103.9862
652,613.89141,1043.17479
653,358.32297,1055.89685
654,1163.84422,751.59511
655,617.24758,1036.33163
656,1101.77251,854.38019
657,433.50895,1129.18879
658,415.59941,1119.97856
659,84.92152,966.89144
660,696.13481,1048.15203
661,1427.25552,708.27623
662,1525.92266,699.3844
663,688.56156,1078.56045
664,1179.93489,743.76419
665,1107.82707,782.30974
666,371.47521,1121.91412
667,865.87167,959.55455
668,1114.45528,838.51276
669,1512.47305,699.41357
670,1346.09518,738.94716
671,693.04061,992.68688
672,945.48162,914.29547
673,152.03163,1014.31917
674,953.48281,887.33965
675,694.80619,996.57907
676,248.96496,1094.56216
677,756.89195,1013.01511
678,255.41928,1072.53157
679,1056.53295,869.09102
680,904.87795,934.61759
681,407.7663,1112.97707
682,593.42127,1091.55006
683,940.07048,894.93369
684,368.3538,1053.47738
685,1482.64889,707.22894
686,691.08694,1074.72423
687,1459.34288,706.28597
688,144.94131,1024.33058
689,444.1345,1102.16158
690,693.91605,992.34805
691,879.29583,951.76798
692,369.7624,1109.00152
693,723.33579,990.73566
694,363.12285,1072.2162
695,723.73526,1055.99544
696,1087.19967,856.96353
697,635.6842,1085.05329
698,1207.52629,764.83872
699,1227.02044,790.60906
700,388.20613,1124.69444
701,785.737,969.4826
702,683.67682,1004.86177
703,117.61261,990.65282
704,223.0948,1084.93326
705,463.055,1128.83251
706,1268.89352,757.38881
707,783.76268,1031.75556
708,1047.57393,833.03221
709,528.1896,1039.86186
710,640.65542,1024.68921
711,1411.23467,706.27594
712,169.20694,1023.92102
713,635.57357,1078.12876
714,226.00385,1080.46578
715,1293.58179,725.16008
716,384.49923,1137.36162
717,1508.38181,699.87995
718,118.58229,1008.70017
719,1447.411,712.99447
720,541.49599,1109.00985
721,799.16992,973.10358
722,420.78066,1130.46746
723,856.67074,947.8994
724,349.72979,1040.99759
725,990.87999,895.29482
726,787.84598,1028.56576
727,350.2478,1047.14252
728,1458.82626,710.99861
729,913.85155,926.33244
730,-24.1654,705.80539
731,1022.94877,857.77643
732,1235.93054,789.54666
733,1332.31332,730.55447
734,672.30067,1049.86538
735,243.03311,1087.70035
736,768.20594,1015.68868
737,1057.6071,865.12681
738,1152.43266,800.42544
739,346.4812,1054.20264
740,1117.07815,830.8959
741,340.23892,1128.69577
742,1201.37549,768.74621
743,985.68137,900.63232
744,1052.01073,828.95403
745,-30.58508,574.76608
746,529.51445,1086.83352
747,1333.52953,751.64079
748,1304.19315,758.82443
749,353.41204,1043.45119
750,1061.75301,818.02887
751,384.40094,1053.65859
752,14.47719,855.02645
753,1337.26837,749.90989
754,373.54658,1133.95171
755,646.56325,1076.56708
756,367.17036,1061.20189
757,1181.77882,777.63671
758,1516.8922,697.42526
759,368.00638,1047.27347
760,1103.25428,829.01293
761,363.0254,1135.57664
762,400.87499,1048.97836
763,49.05755,916.97567
764,385.0844,1101.10503
765,807.56263,988.57321
766,853.37399,974.49588
767,625.61068,1011.9221
768,832.6867,972.58908
769,816.04413,958.30154
770,1383.02085,724.77509
771,621.93798,1109.29054
772,35.74895,894.61081
773,1515.5805,695.76238
774,463.64835,1107.90792
775,587.58211,1062.69942
776,511.26457,1043.11897
777,38.13898,898.96671
778,449.60209,1107.76262
779,1104.31243,833.50837
780,1332.83152,724.77717
781,1416.09443,708.53072
782,-28.44801,443.09702
783,1022.32914,873.36546
784,1224.30763,793.16326
785,245.30298,1082.10642
786,553.14894,1105.93587
787,554.10552,1101.43835
788,1258.29257,766.54281
789,487.35439,1125.00235
790,419.45513,1078.14897
791,116.34455,989.52198
792,599.60119,1103.85913
793,918.0497,927.13484
794,1215.90172,747.14495
795,1453.88267,712.03438
796,1257.54315,776.83024
797,-20.45785,746.55756
798,-31.90658,452.39011
799,-29.57207,671.75857
800,428.01979,1057.14179
801,815.2518,1007.97603
802,1513.24654,696.5163
803,353.56187,1041.41352
804,407.10664,1135.40593
805,358.2684,1043.66804
806,1522.83365,696.25958
807,1221.58743,797.69033
808,279.57585,1102.17269
809,117.38372,988.26347
810,272.40524,1073.4533
811,760.37193,1020.67243
812,1245.45375,785.16542
813,917.90733,921.50213
814,257.76463,1048.73523
815,1043.55177,856.96944
816,1179.63203,818.75592
817,259.89601,1056.42743
818,890.43333,943.58462
819,1096.47861,840.7521
820,1050.37777,876.08987
821,124.61768,995.33017
822,597.50685,1113.18087
823,-11.28764,775.47423
824,372.15428,1067.55733
825,565.51392,1119.52493
826,1095.75462,849.75403
827,183.80707,1062.56692
828,195.47617,1060.01555
829,174.45621,1025.28949
830,563.64705,1110.52732
831,990.78705,897.31115
832,643.38799,1073.27194
833,909.64321,933.70867
834,1026.63552,838.3936
835,237.48182,1046.13714
836,892.93082,941.8177
837,-14.38953,774.62583
838,274.941,1097.22154
839,-1.78799,813.90585
840,230.86404,1075.80691
841,213.55884,1076.1868
842,6.83769,405.2114
843,959.02647,909.73583
844,1091.85868,823.1484
845,1016.21741,870.07787
846,606.26196,1048.65033
847,1047.82385,870.92094
848,1456.26455,707.92444
849,1281.33032,769.73058
850,1481.71529,703.90968
851,1308.96445,760.75222
852,560.55908,1089.38284
853,149.04525,1017.83492
854,390.5725,1135.32002
855,564.48483,1089.14567
856,1276.83617,763.13755
857,265.18593,1076.38709
858,137.27406,1002.87584
859,624.01522,1080.60238
860,957.49676,910.9262
861,-29.80169,667.35957
862,1496.43081,702.7028
863,1027.25045,880.34392
864,230.49171,1057.87773
865,269.55773,145.19699
866,1404.71867,703.72283
867,161.67579,1027.48411
868,735.94118,978.64829
869,-18.51193,742.08061
870,567.15355,1120.91211
871,1038.2003,834.42276
872,43.80425,362.74309
873,1181.55886,791.0526
874,641.56752,1093.44375
875,253.25715,1054.33139
876,912.05898,931.09152
877,1124.60956,843.41436
878,31.57779,886.73796
879,660.51017,1067.19599
880,614.6171,1030.30877
881,365.66271,1044.62615
882,757.67984,998.11233
883,906.31048,935.86484
884,1388.01584,723.52903
885,934.66609,913.88627
886,1492.63186,702.09298
887,474.77609,1122.20483
888,57.64594,927.6116
889,974.4146,865.84219
890,354.60146,1064.60326
891,140.72592,199.11409
892,532.35157,1120.34931
893,-6.65565,796.46893
894,452.71031,1059.02114
895,62.6722,279.58755
896,612.49831,1037.45632
897,1342.51306,737.87671
898,991.65259,886.95625
899,821.58723,974.38575
900,3.88662,414.96772
901,692.40315,996.82226
902,32.8603,306.17036
903,254.60045,1069.12332
904,1033.87505,840.06026
905,1314.70921,726.20135
906,1040.92223,865.8393
907,370.89991,1121.29675
908,96.72586,981.73238
909,361.07768,1044.31536
910,-28.12344,434.21722
911,262.65631,1086.26488
912,209.92507,1037.07741
913,1036.70071,863.13251
914,756.95576,992.81508
915,128.05981,997.0388
916,99.16703,972.70978
917,268.66564,89.3078
918,838.27565,987.42664
919,449.08603,1053.00685
920,552.40236,1098.22621
921,513.48984,1086.01314
922,449.79783,25.31947
923,291.52862,1069.13741
924,884.18744,947.269
925,255.05248,1058.24433
926,21.86906,862.24636
927,1113.85426,842.21354
928,36.20914,284.40953
929,637.99106,1011.77648
930,1130.36297,817.8794
931,1516.44588,697.86116
932,19.96071,306.34692
933,900.32274,928.50703
934,1082.73816,813.23071
935,56.52795,925.01475
936,1075.09743,846.17503
937,310.02783,124.71805
938,123.38507,997.1477
939,1005.56237,893.38238
940,386.44013,1118.54868
941,468.64327,1107.69997
942,527.67971,1123.94305
943,373.71886,1067.54095
944,785.29712,968.31195
945,51.22714,916.29444
946,455.57562,1057.19228
947,-29.73794,655.13453
948,1461.14047,708.13419
949,11.90434,853.09211
950,2.52106,826.21678
951,-5.5126,374.47984
952,345.77007,1111.8151
953,792.09113,968.65381
954,-22.93129,521.8779
955,-25.28595,710.93876
956,1100.20988,812.06059
957,-15.62312,771.47725
958,-19.92473,458.91202
959,1044.46468,878.94684
960,1087.1161,813.77215
961,769.71456,969.92893
962,740.80749,1058.73901
963,366.99984,1079.77541
964,1363.56594,710.0384
965,-27.23862,683.74936
966,280.90566,1104.86653
967,774.70088,1005.37937
968,920.10206,922.7791
969,726.57706,1045.42322
970,927.71536,907.10591
971,-27.27109,688.15362
972,368.23321,1112.77852
973,1177.26114,790.79084
974,848.37995,976.52397
975,-30.16752,627.57224
976,384.4748,1090.84342
977,400.2673,1119.0581
978,349.2258,1043.44934
979,-16.08254,472.00012
980,1125.161,771.85551
981,793.84446,989.03475
982,370.40803,1048.62992
983,172.14275,185.44567
984,507.26973,1129.58808
985,339.404,1125.0335
986,-6.92324,791.02579
987,1051.59776,857.59357
988,-17.96602,455.15891
989,1289.92901,757.7404
990,0.81348,398.92761
991,-19.72942,736.64052
992,1526.72753,698.0818
993,1290.60969,739.31752
994,334.85479,1075.2605
995,829.7389,987.97156
996,460.93623,1104.55603
997,-27.77377,462.39905
998,776.13051,984.11583
999,535.52519,1035.88141
1000,71.3751,948.19742
1001,504.30747,1123.89284
1002,-28.52394,438.97455
1003,1151.44997,800.08307
1004,74.73227,946.15833
1005,1266.65852,778.42078
1006,532.04519,1073.49586
1007,1480.52982,705.61265
1008,350.42309,1042.84477
1009,454.91353,13.54365
1010,-30.51796,506.87767
1011,638.63982,1009.022
1012,-21.79654,444.50538
1013,1497.29374,699.81684
1014,172.18882,1042.24394
1015,-2.21239,436.10081
1016,1048.87688,874.34385
1017,910.3583,931.40779
1018,79.98237,291.39976
1019,39.80573,326.11344
1020,-29.45953,660.20944
1021,106.64123,219.86639
1022,296.12223,124.99346
1023,1445.65394,714.97066
1024,715.56005,993.84019
1025,33.6945,283.21152
1026,-23.67139,427.79671
1027,871.98473,935.98071
1028,49.23993,292.5825
1029,760.91457,979.11919
1030,485.49905,1128.81058
1031,17.26091,861.74822
1032,393.21821,1114.11808
1033,351.91081,1042.99926
1034,343.06111,1042.98139
1035,288.65779,129.69773
1036,-19.63244,744.9511
1037,93.4871,250.23824
1038,-23.01776,426.05795
1039,199.64765,1069.9874
1040,634.74036,1011.10838
1041,567.58817,-174.29871
1042,25.32235,300.02814
1043,108.41403,981.99446
1044,152.28925,1032.61261
1045,-18.9408,494.48628
1046,-2.25982,407.91124
1047,1134.24223,780.83578
1048,295.53086,106.46465
1049,96.86847,254.12186
1050,383.01025,1091.44174
1051,202.50511,184.0458
1052,16.74253,859.7104
1053,760.32818,1037.04152
1054,17.8498,394.58671
1055,-28.61282,690.12423
1056,134.78203,229.73996
1057,-16.63352,455.71741
1058,18.46817,323.34763
1059,-19.00329,752.31384
1060,103.70595,978.37089
1061,52.37003,920.49216
1062,358.50616,1041.64221
1063,90.81931,973.79903
1064,1395.07037,723.0757
1065,669.09882,1009.0224
1066,391.34136,1065.33527
1067,1363.06913,706.90074
1068,14.4589,335.44497
1069,13.70512,417.94976
1070,60.91135,272.41059
1071,122.44402,227.23888
1072,380.09097,82.32986
1073,759.1341,1009.59694
1074,276.83866,1106.01385
1075,26.55238,322.97061
1076,238.65294,1048.78277
1077,1160.077,793.50333
1078,79.60652,240.88603
1079,235.20891,163.95181
1080,134.41533,1021.92105
1081,12.27777,330.21835
1082,44.236,314.58199
1083,71.38346,945.21226
1084,199.72333,152.83305
1085,171.19111,170.85413
1086,39.42353,321.87487
1087,230.7251,1042.8471
1088,673.70735,1053.83487
1089,1454.15971,713.47004
1090,263.06895,95.79277
1091,112.8508,1001.69377
1092,-23.34678,486.1935
1093,792.739,1020.44108
1094,-26.84401,701.07394
1095,600.51758,-104.82824
1096,4.07005,822.7687
1097,782.87008,1013.98384
1098,20.42443,329.28955
1099,1107.22881,837.26513
1100,234.19132,146.3629
1101,16.69218,317.6099
1102,602.83713,-238.69519
1103,76.11031,241.5563
1104,156.49129,204.81627
1105,14.10319,328.4928
1106,511.73832,-64.70811
1107,58.54759,282.60076
1108,672.78435,-225.68782
1109,410.5949,34.98373
1110,294.87991,107.40073
1111,7.24616,400.78234
1112,189.53484,164.2374
1113,367.71811,1050.98176
1114,-30.65165,528.06541
1115,582.32373,-92.92405
1116,700.03,-249.85276
1117,83.75748,283.45921
1118,7.89556,836.73996
1119,125.33838,1009.35186
1120,706.51259,989.33928
1121,596.44229,-108.03645
1122,160.29356,192.77515
1123,286.847,131.54539
1124,125.69412,254.35057
1125,1505.73403,698.48347
1126,88.48273,237.20897
1127,460.52248,18.33733
1128,-27.19256,431.04577
1129,268.94427,93.82628
1130,262.10027,105.40462
1131,-23.89922,503.03323
1132,675.8894,-278.5042
1133,220.5172,158.36831
1134,1090.42549,815.89408
1135,-22.58695,495.60037
1136,-15.33845,761.80562
1137,252.43799,108.5246
1138,439.41876,33.47583
1139,-31.43324,448.10672
1140,-20.95591,409.10667
1141,46.03804,365.17905
1142,577.57592,-73.99095
1143,106.70185,258.01172
1144,12.90801,853.08441
1145,24.90023,296.3387
1146,20.09185,402.43396
1147,290.70164,114.98626
1148,-30.51277,535.85773
1149,-18.46663,452.07801
1150,633.06085,-227.4958
1151,-9.03953,389.69893
1152,778.17046,977.44698
1153,97.14495,241.51084
1154,19.40479,866.75813
1155,41.6433,290.5618
1156,-11.81216,770.76881
1157,757.42782,1023.26355
1158,363.91956,19.60488
1159,250.20379,109.33605
1160,637.36484,1076.3608
1161,393.90632,74.32106
1162,28.79261,387.21938
1163,489.7258,1042.08152
1164,435.37898,-72.51097
1165,231.00128,133.19083
1166,22.82066,343.40877
1167,359.27446,1134.16003
1168,209.59395,151.2474
1169,33.41083,359.13813
1170,-28.87502,438.01183
1171,156.63667,199.09439
1172,179.93904,166.3451
1173,488.82383,16.97742
1174,1251.47607,765.26166
1175,228.08711,135.88166
1176,124.04032,229.52948
1177,227.53132,1042.80336
1178,-27.8627,538.78488
1179,586.96083,1100.64592
1180,222.33308,143.32793
1181,458.53153,32.39377
1182,115.34664,988.23799
1183,109.4902,216.40476
1184,74.9823,242.98835
1185,-22.61884,446.0045
1186,124.42489,227.78174
1187,115.4032,216.24483
1188,548.64575,1032.10581
1189,-29.73035,648.59856
1190,31.38796,321.94935
1191,1038.45908,879.97139
1192,273.38372,87.46328
1193,164.80118,191.97636
1194,-21.30839,743.93962
1195,35.25367,281.97631
1196,-30.01553,657.98113
1197,468.51429,29.68475
1198,251.53441,107.20431
1199,441.93418,-77.93774
1200,619.41441,-134.99419
1201,553.79074,-172.44907
1202,73.91715,257.04458
1203,371.11791,1091.93595
1204,241.70222,115.16808
1205,121.04706,207.74399
1206,219.57262,156.641
1207,89.21263,274.12114
1208,-6.06115,421.85666
1209,30.65349,303.82579
1210,71.24071,252.03486
1211,109.14923,998.59949
1212,593.37816,-55.54217
1213,-30.38479,602.35894
1214,650.05709,-139.99655
1215,220.66331,175.22759
1216,613.74538,-289.20823
1217,-15.4576,394.22998
1218,110.50539,983.59926
1219,216.11591,174.49243
1220,966.95284,898.73956
1221,693.85803,1002.87964
1222,137.52135,233.52226
1223,102.5625,279.04095
1224,-21.40164,413.32166
1225,312.62512,101.89509
1226,26.4264,311.9617
1227,444.5149,-28.54918
1228,224.60232,162.14189
1229,212.83091,172.64627
1230,42.79873,297.89804
1231,106.19238,238.42498
1232,710.91613,-209.61239
1233,613.8486,-119.42767
1234,84.62674,245.21558
1235,596.45333,-115.55407
1236,24.5332,305.78159
1237,40.64368,902.24823
1238,141.71964,212.06189
1239,-30.53616,622.27615
1240,226.21179,162.96361
1241,569.66331,-200.58568
1242,66.2707,306.62345
1243,250.67715,105.53357
1244,41.15632,294.4224
1245,591.46248,-220.16423
1246,-1.76264,415.53525
1247,-19.36183,412.82984
1248,-13.44922,417.86487
1249,-21.03179,411.71801
1250,214.89375,157.6384
1251,605.54781,1092.95072
1252,-19.82853,493.29623
1253,-27.44973,516.24191
1254,162.25203,200.90351
1255,597.05744,-60.02261
1256,599.23927,-120.18523
1257,735.47928,-311.3672
1258,635.45526,-225.9611
1259,27.94839,292.71944
1260,59.4984,310.42329
1261,31.19903,889.19036
1262,122.05333,231.68941
1263,33.77776,292.08471
1264,-3.50151,419.9605
1265,292.41464,125.92914
1266,436.98316,-33.25303
1267,583.16,-45.74287
1268,563.80581,1027.62759
1269,259.87646,1062.25944
1270,6.53004,345.47413
1271,619.32118,-251.50224
1272,4.32864,348.73381
1273,706.57797,-208.16947
1274,516.33617,-128.83334
1275,174.60521,191.3757
1276,87.44732,260.73296
1277,623.1047,-208.54681
1278,69.17353,298.88505
1279,52.20692,266.06351
1280,326.29646,104.82819
1281,596.28901,-237.07368
1282,442.50536,-69.30295
1283,233.28818,164.65982
1284,691.80599,-451.64176
1285,165.91076,199.24568
1286,358.44619,26.76182
1287,29.76502,300.14978
1288,685.74093,-342.5884
1289,18.11453,407.0842
1290,533.42274,-11.03239
1291,447.31553,-65.37364
1292,-31.31363,472.86629
1293,190.62117,159.06553
1294,21.68559,338.27553
1295,185.40766,193.32472
1296,-30.08663,500.69942
1297,152.22431,189.82446
1298,683.85724,-274.96661
1299,159.69541,196.29046
1300,303.37906,120.26238
1301,1.55811,439.8268
1302,390.16529,34.71503
1303,707.59167,-482.61766
1304,583.59089,-44.78566
1305,524.18795,-68.99485
1306,578.30347,-249.62819
1307,82.43528,239.00824
1308,327.8245,110.12896
1309,314.61528,112.74831
1310,128.04243,204.0606
1311,427.32922,-31.5878
1312,-22.32684,412.09268
1313,-6.73998,441.76881
1314,513.98477,-3.2073
1315,87.05439,284.24766
1316,89.89075,248.39543
1317,173.82307,168.97527
1318,143.54134,205.86583
1319,332.85355,110.73224
1320,450.7259,23.37421
1321,25.6554,295.642
1322,561.89128,-76.59163
1323,710.74958,-474.13579
1324,-25.26572,477.14818
1325,54.79954,293.57993
1326,56.74543,288.33135
1327,534.9953,-12.44641
1328,99.33336,269.51224
1329,315.349,101.73506
1330,736.92706,-304.84416
1331,671.39022,-464.92573
1332,614.52802,-265.72681
1333,61.49245,310.00625
1334,743.31922,-268.9965
1335,278.84605,132.31831
1336,492.75131,13.55218
1337,78.37068,239.80259
1338,1361.2643,736.43943
1339,22.82925,303.37486
1340,-3.89427,413.81938
1341,439.77518,-52.55351
1342,288.38124,82.91589
1343,659.58252,-136.83359
1344,13.57307,403.38818
1345,678.09256,-157.46923
1346,95.23687,260.03498
1347,162.37848,176.54096
1348,683.37062,-219.09914
1349,401.90069,-10.49874
1350,304.67286,107.16423
1351,218.40835,146.1312
1352,-24.02151,421.20865
1353,95.75582,237.54077
1354,519.75121,-75.24892
1355,9.43944,413.37569
1356,148.34553,187.89207
1357,693.62319,-203.25345
1358,-29.58257,674.56594
1359,39.6826,284.27533
1360,158.78049,201.12584
1361,35.87202,286.68975
1362,677.55737,-358.16425
1363,119.424,991.52923
1364,578.48533,-202.68657
1365,-7.28683,464.4688
1366,455.77153,22.93452
1367,669.85816,-338.85179
1368,655.65125,-142.87893
1369,57.39752,312.99713
1370,202.28784,171.5612
1371,679.16118,-160.02162
1372,154.19687,189.60288
1373,351.55096,98.95504
1374,23.54627,297.40973
1375,442.97796,-62.39681
1376,104.88728,269.31223
1377,-23.32124,474.38964
1378,429.87908,-27.43266
1379,83.63881,248.41835
1380,420.49452,-20.75053
1381,245.39254,110.36443
1382,28.8447,382.87664
1383,329.73055,65.1342
1384,16.38119,326.93983
1385,189.35257,188.38785
1386,-19.04096,411.34582
1387,536.033,-150.16327
1388,449.65821,-55.22213
1389,142.31088,201.37692
1390,560.03206,-44.06794
1391,282.27953,88.93124
1392,330.51809,52.09341
1393,-13.2917,445.72797
1394,564.03272,-177.09574
1395,-30.34553,450.46516
1396,452.05688,-68.30616
1397,733.72901,-456.12742
1398,115.81521,221.91205
1399,100.28756,221.20309
1400,44.96212,296.93169
1401,53.69877,267.51687
1402,607.25929,-107.80064
1403,158.3162,184.06082
1404,255.74723,147.43644
1405,219.67252,141.04895
1406,525.61556,-115.86183
1407,406.74969,28.81997
1408,427.68363,51.74444
1409,-31.61154,469.07991
1410,420.23341,12.22719
1411,268.91808,88.89266
1412,453.06117,14.57683
1413,129.04215,202.60793
1414,587.34167,-51.35416
1415,723.10782,-229.88138
1416,257.79079,99.94693
1417,436.75036,32.01433
1418,249.15399,119.38802
1419,628.90711,-331.56891
1420,442.16726,36.57727
1421,441.30915,7.98914
1422,659.59712,-620.54495
1423,-30.43994,513.04884
1424,549.81978,-78.65608
1425,438.64431,-66.94219
1426,663.79276,-141.03943
1427,421.43353,17.69647
1428,343.90204,105.63874
1429,-30.78291,488.41533
1430,-30.92852,453.83947
1431,520.02381,-71.98126
1432,137.17635,217.79409
1433,471.12844,24.49898
1434,163.52745,198.95633
1435,626.10285,-281.17998
1436,315.35597,121.77985
1437,-20.70455,454.303
1438,492.03515,-110.27301
1439,66.08913,261.4479
1440,154.72927,219.30043
1441,-24.70582,425.99407
1442,347.53194,102.41009
1443,-1.96297,413.07527
1444,377.82501,35.73114
1445,632.99965,-315.55174
1446,607.0563,-104.89273
1447,-6.12915,376.29464
1448,10.89553,332.91222
1449,568.04009,-168.33903
1450,756.7448,-382.88903
1451,712.94794,-462.00169
1452,106.81353,215.40325
1453,396.58819,69.02319
1454,523.72206,-66.62166
1455,633.38195,-103.08176
1456,183.64992,162.55769
1457,235.4038,148.15967
1458,458.75098,21.61994
1459,315.30621,94.14053
1460,613.59732,-111.25136
1461,563.19721,-50.19179
1462,527.78882,-86.33898
1463,553.9026,-179.34177
1464,581.1471,-48.99517
1465,585.54927,-91.86263
1466,177.81086,165.05793
1467,354.29072,95.12995
1468,589.81509,-51.94685
1469,136.9179,213.76424
1470,296.67975,122.16054
1471,518.89728,-83.3275
1472,652.66155,1004.32573
1473,704.83124,-530.67105
1474,674.7482,-218.18336
1475,-12.24843,441.25176
1476,111.52477,244.24196
1477,393.16608,-32.94896
1478,459.47965,-80.03609
1479,19.30318,317.98176
1480,103.80363,220.70618
1481,-11.68595,432.17768
1482,180.69392,190.86019
1483,492.16605,15.46846
1484,598.83884,-222.44563
1485,417.84716,-19.53514
1486,7.6234,423.67548
1487,694.72182,-559.68908
1488,300.38444,130.82236
1489,192.41229,157.87148
1490,453.93945,-88.75002
1491,21.61113,395.77809
1492,329.78222,106.49374
1493,711.9409,-472.62447
1494,482.82516,-37.65898
1495,13.23884,855.63939
1496,701.1041,-252.36638
1497,433.94591,-67.91738
1498,450.39251,-3.27867
1499,77.66371,243.04084
1500,181.99783,165.04436
1501,502.27497,-146.84755
1502,579.46477,-70.17574
1503,749.44668,-346.37419
1504,496.61021,12.69009
1505,129.48107,225.96312
1506,531.10375,-9.2227
1507,609.35495,-109.20743
1508,271.67381,91.75597
1509,286.25292,135.32439
1510,161.15588,190.32584
1511,753.32694,-369.05774
1512,29.79089,294.89174
1513,594.54394,-123.22321
1514,458.17633,-103.34445
1515,622.7228,-261.54294
1516,305.27914,66.47524
1517,167.25067,193.80525
1518,324.7282,109.0471
1519,749.09513,-355.53446
1520,110.27602,213.78
1521,754.43891,-372.31482
1522,38.02209,309.20543
1523,645.29322,-313.16055
1524,691.67105,-556.46858
1525,68.3568,298.00687
1526,9.11557,338.86684
1527,160.65631,177.24202
1528,624.09597,-332.34529
1529,86.0477,265.28196
1530,349.70556,40.77865
1531,95.67291,251.15555
1532,757.73013,-483.76401
1533,634.3901,-142.79896
1534,695.04174,-339.3326
1535,219.24074,137.13032
1536,748.21758,-287.58734
1537,736.26446,-323.49228
1538,738.52762,-395.09687
1539,301.27241,77.79793
1540,29.15152,327.60545
1541,688.03113,-498.91704
1542,756.21463,-392.51407
1543,746.78912,-276.76669
1544,156.51956,202.26754
1545,560.22866,-28.94566
1546,454.1366,28.05148
1547,692.7489,-275.51663
1548,584.90838,-52.38326
1549,180.96307,163.44088
1550,103.87114,224.95101
1551,302.18523,114.65388
1552,692.4075,-583.28878
1553,689.34674,-362.51335
1554,736.77056,-450.79031
1555,574.9655,-67.52802
1556,743.5346,-507.24928
1557,732.25506,-253.19324
1558,308.99575,72.17953
1559,582.0895,-75.50564
1560,168.7634,186.23902
1561,571.15001,-112.24167
1562,605.68794,-120.24028
1563,90.72517,299.66189
1564,16.86992,401.97913
1565,368.95918,19.63667
1566,649.99586,-126.77911
1567,265.42393,107.70832
1568,743.76554,-403.40295
1569,574.56393,-42.98458
1570,122.07994,205.0662
1571,50.04603,288.26743
1572,683.32503,-165.30917
1573,551.12826,-158.73447
1574,136.30523,239.79185
1575,464.45828,-81.09907
1576,432.59282,51.85494
1577,59.83682,266.50875
1578,734.8486,-437.35507
1579,599.27372,-210.72748
1580,67.52864,263.77847
1581,254.1589,102.27428
1582,601.52909,-108.08397
1583,14.03395,415.7775
1584,522.38186,-96.37189
1585,163.45785,194.96887
1586,748.8741,-375.27385
1587,563.42143,-198.70749
1588,677.49546,-306.17563
1589,321.92873,86.06078
1590,725.30742,-415.83477
1591,445.2276,-6.49733
1592,-29.72327,528.89896
1593,321.54002,117.97836
1594,166.50834,175.14575
1595,631.63522,-231.45559
1596,438.69992,-74.3133
1597,706.25497,-209.62562
1598,720.25248,-555.05137
1599,342.42845,61.69822
1600,607.90164,-291.12094
1601,28.30036,329.46827
1602,579.47664,-224.36059
1603,272.17018,94.39649
1604,26.15324,292.01392
1605,703.90391,-497.71372
1606,488.30476,4.76797
1607,609.78123,-157.62572
1608,686.21638,-293.95369
1609,583.67272,-62.65605
1610,311.33573,111.08249
1611,673.92,-201.1266
1612,393.42872,-6.85938
1613,691.44617,-502.20891
1614,454.18998,-71.86154
1615,384.21697,9.77186
1616,677.01831,-465.77789
1617,703.66666,-512.49637
1618,694.96802,-441.17429
1619,432.83423,34.55552
1620,528.84611,-116.43812
1621,678.69353,-334.79775
1622,75.29443,292.62993
1623,699.38884,-320.19568
1624,686.62334,-227.10347
1625,611.85765,-250.16962
1626,305.08728,125.84264
1627,146.04596,192.19013
1628,621.98788,-247.99245
1629,235.39315,123.75959
1630,616.9806,-283.97282
1631,248.5175,107.28777
1632,423.07396,-40.49144
1633,757.17419,-424.06363
1634,522.80175,-74.86197
1635,571.19039,-232.12235
1636,687.70181,-435.44433
1637,698.75096,-344.10581
1638,667.24619,-446.63341
1639,27.07267,326.22222
1640,612.88167,-252.98855
1641,712.84691,-557.06911
1642,722.89133,-309.68445
1643,679.52667,-581.27305
1644,601.24263,-195.56085
1645,71.01375,266.6263
1646,451.85556,-15.11067
1647,741.39032,-522.24799
1648,432.03143,-71.6401
1649,247.62087,109.46188
1650,375.40965,83.07169
1651,702.0764,-578.2681
1652,194.85203,156.42736
1653,258.09413,153.23322
1654,20.5296,302.15588
1655,683.84187,-479.87258
1656,423.44769,-24.31797
1657,322.73237,113.88613
1658,92.64453,228.33238
1659,667.44517,-430.91603
1660,308.10811,105.97544
1661,424.80273,49.08947
1662,739.39798,-319.66865
1663,109.53306,242.0555
1664,692.14209,-180.82711
1665,573.63232,-66.68618
1666,643.02739,-238.81402
1667,661.33318,-316.33599
1668,110.91241,221.59623
1669,677.36851,-241.07722
1670,699.74336,-474.49173
1671,650.22934,-131.35919
1672,728.89964,-467.56206
1673,298.87313,106.54551
1674,240.24906,116.05274
1675,454.37472,-3.33919
1676,9.17134,422.28876
1677,396.59729,31.79349
1678,169.98706,173.76955
1679,37.16943,301.11228
1680,713.85798,-476.95252
1681,655.33013,-412.86948
1682,670.10906,-287.28661
1683,737.37841,-264.43738
1684,460.85379,35.73807
1685,714.82474,-360.99721
1686,696.1038,-549.02042
1687,662.75252,-348.68383
1688,266.58041,92.30328
1689,760.02834,-465.06856
1690,667.42167,-578.52463
1691,527.9854,-73.5484
1692,565.45133,-36.83882
1693,184.56741,195.03009
1694,747.65966,-283.63618
1695,256.63678,101.62565
1696,420.16423,57.10108
1697,676.50968,-437.89238
1698,745.66626,-287.62911
1699,733.61571,-312.24839
1700,426.36043,-61.41438
1701,104.00032,237.17334
1702,695.76385,-264.61986
1703,726.3028,-250.27906
1704,279.61308,93.70646
1705,594.79091,-190.92802
1706,666.68104,-466.62615
1707,740.03245,-431.59282
1708,478.29714,-87.31091
1709,276.00526,83.22761
1710,668.08549,-465.87776
1711,62.79718,254.68458
1712,623.37338,-127.08367
1713,727.56543,-247.61518
1714,717.12648,-244.71623
1715,49.91744,268.81358
1716,602.16198,-196.95822
1717,677.49478,-431.13367
1718,686.63956,-553.29151
1719,657.3134,-614.35235
1720,-14.65495,771.64229
1721,89.26892,249.41285
1722,61.00504,280.71026
1723,183.52613,190.07769
1724,706.47133,-280.67857
1725,711.9101,-562.05957
1726,669.36646,-438.90215
1727,740.43346,-529.41389
1728,641.99104,-135.48138
1729,514.70866,-67.17013
1730,686.31746,-354.99951
1731,703.86408,-348.02491
1732,676.14234,-154.81773
1733,450.77212,17.38251
1734,261.94777,98.49583
1735,685.32628,-348.68437
1736,576.43439,-63.47663
1737,19.40756,392.98513
1738,668.37074,-144.68347
1739,596.97266,-119.24411
1740,453.8135,-1.58338
1741,181.67568,193.54536
1742,715.2749,-216.22874
1743,685.02362,-367.09263
1744,735.31035,-433.47268
1745,602.04958,-65.90266
1746,689.08469,-374.80801
1747,675.27236,-567.28258
1748,608.83987,-259.30522
1749,166.70592,193.47296
1750,750.28941,-503.41647
1751,595.96138,-237.46084
1752,746.97589,-274.0479
1753,680.73163,-587.16681
1754,709.7525,-403.4332
1755,200.90283,186.07401
1756,676.88123,-475.62227
1757,703.23086,-226.85427
1758,749.58828,-488.77595
1759,615.66243,-133.64294
1760,725.9194,-543.34079
1761,581.19858,-44.96418
1762,432.04763,27.38223
1763,660.30082,-618.33935
1764,656.98661,-622.28376
1765,710.72449,-242.52886
1766,744.05708,-311.6946
1767,301.23599,78.54118
1768,572.46654,-182.55444
1769,670.50185,-569.62852
1770,128.01314,246.54765
1771,458.83683,19.743
1772,662.4732,-338.8874
1773,569.26227,-213.80538
1774,329.60535,42.79017
1775,71.89942,247.25564
1776,737.3672,-466.31908
1777,557.03344,-197.54106
1778,749.20895,-432.04719
1779,225.04715,157.81596
1780,579.65957,-84.45782
1781,451.19026,-64.78679
1782,648.03226,-633.27747
1783,690.29967,-583.50154
1784,609.14028,-130.39635
1785,564.58361,-182.42185
1786,702.58012,-339.58077
1787,627.2874,-118.57352
1788,648.16774,-627.3756
1789,663.85782,-608.01892
1790,669.85864,-573.19317
1791,692.55687,-533.80911
1792,346.54887,96.9243
1793,668.65204,-148.115
1794,694.84595,-585.71488
1795,675.03171,-474.01527
1796,549.63324,-175.40554
1797,695.70097,-582.0891
1798,419.81738,26.41208
1799,731.38492,-244.20967
1800,675.93619,-604.95983
1801,685.13459,-428.95836
1802,641.56511,-247.29873
1803,181.49071,175.89702
1804,687.92451,-174.9428
1805,666.31301,-323.16089
1806,748.97067,-515.35607
1807,749.42009,-297.15473
1808,723.10736,-472.32724
1809,695.13395,-422.91705
1810,639.59059,-257.86317
1811,754.36338,-494.29765
1812,696.13696,-587.00573
1813,210.10536,146.17918
1814,419.99782,43.70058
1815,284.69785,85.307
1816,759.48974,-432.84558
1817,681.5577,-559.7828
1818,222.57029,141.90677
1819,580.87397,-60.11167
1820,585.41592,-47.53021
1821,562.26991,-193.28443
1822,65.49319,269.30864
1823,729.16119,-306.21729
1824,11.63481,401.27897
1825,702.82082,-569.12762
1826,688.16129,-490.19333
1827,694.59794,-521.7903
1828,627.52508,-266.64086
1829,334.47578,103.62194
1830,635.35156,-130.81201
1831,750.51272,-511.9943
1832,691.95811,-387.83388
1833,667.96033,-538.96116
1834,630.02891,-223.95884
1835,700.6305,-433.01085
1836,748.67907,-383.68322
1837,735.18102,-271.44679
1838,686.72795,-480.36474
1839,714.13807,-213.85888
1840,603.4266,-249.72964
1841,680.2958,-159.10871
1842,111.96918,216.18605
1843,721.31191,-238.15394
1844,611.1326,-277.09003
1845,381.71229,80.99597
1846,742.79566,-384.92649
1847,671.40571,-368.0251
1848,691.39127,-352.35569
1849,656.627,-236.8621
1850,686.88326,-588.83497
1851,723.73258,-312.41201
1852,695.72405,-508.50624
1853,729.09196,-413.67904
1854,685.69442,-438.28081
1855,659.44343,-269.97473
1856,735.68846,-439.11271
1857,430.92515,-43.1525
1858,441.51077,-70.51671
1859,361.10263,50.46666
1860,693.94032,-569.42635
1861,626.25725,-134.60391
1862,743.89108,-391.12423
1863,582.77797,-217.40304
1864,760.66041,-457.40875
1865,614.42384,-214.28907
1866,653.78324,-616.2951
1867,433.56958,41.96543
1868,654.38591,-626.47156
1869,732.69544,-539.17187
1870,557.99942,-169.86647
1871,308.98375,126.2965
1872,652.86058,-223.66192
1873,424.55201,-54.30288
1874,677.60161,-556.20077
1875,643.05224,-242.98801
1876,758.88102,-463.56623
1877,740.56021,-391.0128
1878,739.50736,-445.36931
1879,619.38112,-278.9195
1880,683.25172,-564.12631
1881,29.0026,306.30701
1882,723.6018,-548.76718
1883,364.82085,39.06818
1884,646.28474,-630.86244
1885,748.07463,-339.22974
1886,256.48286,122.71684
1887,582.81839,-211.24411
1888,736.10582,-251.00513
1889,257.17473,104.51053
1890,107.3348,216.61644
1891,668.26896,-432.00726
1892,740.46637,-460.13368
1893,27.09318,314.9649
1894,692.9445,-347.01768
1895,653.98459,-410.03176
1896,387.09555,38.97085
1897,234.04041,153.19327
1898,730.44323,-246.03297
1899,699.45989,-309.37059
1900,458.59821,17.74739
1901,755.27734,-394.01082
1902,702.58419,-233.64994
1903,669.0869,-151.88446
1904,758.36876,-455.44954
1905,753.30378,-459.29481
1906,688.93491,-296.51383
1907,730.51273,-248.17563
1908,680.4422,-387.97468
1909,755.66767,-386.3476
1910,581.24502,-47.46735
1911,704.10724,-575.81391
1912,532.50912,-74.60422
1913,751.14834,-388.49395
1914,439.75436,-59.92131
1915,591.14506,-107.52726
1916,649.61522,-632.13877
1917,350.70144,71.62607
1918,756.13577,-475.55053
1919,685.3285,-563.16368
1920,752.42803,-347.51574
1921,168.09705,203.02989
1922,694.26793,-261.79116
1923,541.2023,-166.91924
1924,663.89356,-586.27314
1925,652.22595,-624.79188
1926,430.7697,-72.73989
1927,736.53877,-460.24767
1928,646.23369,-635.33458
1929,669.7082,-576.6308
1930,215.9759,150.4931
1931,524.1819,-4.86458
1932,666.33936,-342.65946
1933,566.18891,-33.1632
1934,87.81271,256.51751
1935,644.36541,-257.86197
1936,643.84804,-637.46406
1937,752.03551,-382.03218
1938,430.50317,-18.09529
1939,715.80239,-252.72208
1940,574.63901,-179.64588
1941,598.26207,-88.26757
1942,702.71275,-287.92439
1943,96.21234,281.07929
1944,753.32813,-501.70973
1945,733.1005,-392.6065
1946,749.91215,-331.94225
1947,738.5669,-468.16189
1948,642.7694,-635.61715
1949,728.14595,-290.62301
1950,759.67921,-467.8696
1951,319.00601,103.68454
1952,693.37912,-266.04553
1953,733.75796,-390.75839
1954,693.32153,-327.855
1955,609.41895,-231.04158
1956,731.37482,-437.22895
1957,697.39745,-344.46474
1958,661.35035,-616.75319
1959,716.72717,-540.88697
1960,645.58326,-636.74952
1961,741.48624,-450.85942
1962,600.15487,-124.537
1963,685.59153,-255.83852
1964,530.0855,-161.10548
1965,430.69051,-53.85556
1966,669.9211,-588.19194
1967,738.91312,-475.56772
1968,622.25283,-135.36296
1969,700.78087,-263.52288
1970,748.38961,-509.8095
1971,304.35173,106.17876
1972,724.82746,-384.0093
1973,718.27526,-548.60701
1974,538.08863,-141.87085
1975,590.61977,-213.61493
1976,663.1407,-447.17773
1977,650.08611,-628.79702
1978,494.78462,-62.65931
1979,725.90981,-327.53865
1980,685.71588,-358.99718
1981,706.67563,-394.42028
1982,657.94289,-619.21168
1983,734.4974,-305.33936
1984,753.01879,-357.58629
1985,734.19219,-450.20402
1986,451.91454,-76.48075
1987,671.76321,-210.4523
1988,652.7783,-627.66859
1989,679.08679,-422.33827
1990,701.40062,-352.92917
1991,694.8183,-352.60694
1992,640.73551,-154.39785
1993,672.0789,-582.84772
1994,750.38373,-466.02707
1995,697.57021,-502.24842
1996,698.39736,-578.78824
1997,429.98234,-24.20442
1998,482.91581,18.45218
1999,587.73911,-53.7531
2000,660.31701,-257.41846
2001,406.19573,29.97511
2002,621.0512,-322.52261
2003,706.8592,-488.48933
2004,710.25912,-249.13479
2005,651.94052,-630.68505
2006,621.50792,-259.9082
2007,733.235,-244.67196
2008,695.89142,-585.44197
2009,756.43751,-491.60531
2010,673.02962,-220.36815
2011,459.48671,20.4096
2012,707.78151,-560.5796
2013,752.31452,-508.10633
2014,741.96862,-526.95197
2015,657.96682,-444.19412
2016,672.53659,-570.82832
2017,733.12161,-535.3783
2018,688.43696,-420.61221
2019,751.48765,-452.3153
2020,576.78849,-70.58102
2021,480.07192,-34.67504
2022,722.99104,-534.9651
2023,670.21835,-429.82317
2024,703.25534,-548.34869
2025,725.01256,-232.06731
2026,714.78504,-560.15452
2027,692.03755,-178.12344
2028,683.15069,-494.30844
2029,609.67951,-295.76034
2030,449.43604,-77.6807
2031,672.06058,-594.66112
2032,432.11069,-34.30163
2033,727.48358,-466.20813
2034,677.70432,-421.94327
2035,746.56761,-517.57083
2036,700.18395,-232.97097
2037,651.902,-134.19404
2038,650.23853,-628.78839
2039,732.34469,-248.11023
2040,650.4053,-626.08221
2041,666.52678,-465.08798
2042,745.63488,-275.01812
2043,616.34206,-216.87179
2044,670.93802,-585.69009
2045,644.58329,-636.28916
2046,703.06632,-579.34975
2047,745.90078,-273.67926
2048,597.90596,-103.82594
2049,710.53596,-555.96735
2050,744.60955,-525.48132
2051,730.32564,-399.837
2052,690.62745,-217.0041
2053,702.05512,-404.07557
2054,734.14432,-314.71281
2055,714.67256,-549.97008
2056,745.37799,-495.41618
2057,656.98467,-623.89265
2058,677.84314,-589.50398
2059,506.27546,6.51507
2060,668.45261,-575.02334
2061,645.32861,-632.36701
2062,261.78197,117.36704
2063,610.93546,-291.77835
2064,733.01767,-308.29791
2065,654.86299,-620.83124
2066,646.98425,-633.91815
2067,737.17249,-528.97381
2068,660.4575,-202.40681
2069,700.40602,-454.49143
2070,693.70558,-587.28209
2071,647.70818,-120.60533
2072,677.97342,-361.44662
2073,699.04271,-461.26639
2074,759.75046,-446.15512
2075,747.72748,-506.91974
2076,748.57254,-394.1775
2077,556.29718,-81.70527
2078,740.606,-326.83994
2079,757.71845,-452.42335
2080,644.16074,-633.38125
2081,726.90827,-541.31688
2082,171.01287,184.60455
2083,648.45813,-622.66182
2084,703.5882,-558.49062
2085,609.60442,-210.68511
2086,749.3132,-402.43717
2087,751.82873,-499.81222
2088,667.06728,-448.26395
2089,604.9643,-127.55133
2090,696.65839,-516.59766
2091,564.52367,-31.50616
2092,738.25793,-388.36604
2093,415.23137,-14.10434
2094,342.30194,17.46785
2095,655.38011,-623.9987
2096,656.25405,-136.22861
2097,580.43797,-67.20682
2098,664.00287,-444.29947
2099,685.92242,-556.62567
